20
0 22 18 29 25 40 32 20 26 35 18 28 24 16 32 21 19 24 30 28
22 0 28 32 16 38 25 21 29 36 32 30 28 22 35 31 24 29 26 25
18 28 0 24 15 31 23 15 20 34 17 23 19 18 22 17 26 20 22 29
29 32 24 0 21 29 35 27 30 40 22 28 26 20 35 33 27 22 24 32
25 16 15 21 0 25 30 28 22 33 21 25 15 11 20 22 30 27 29 24
40 38 31 29 25 0 45 36 44 50 33 41 39 34 45 38 28 36 33 41
32 25 23 35 30 45 0 37 40 42 28 29 21 22 34 27 19 20 28 35
20 21 15 27 28 36 37 0 25 33 18 22 24 15 31 30 27 23 25 30
26 29 20 30 22 44 40 25 0 39 28 32 30 27 33 38 22 31 27 35
35 36 34 40 33 50 42 33 39 0 30 36 38 28 42 44 34 28 41 37
18 32 17 22 21 33 28 18 28 30 0 19 18 23 32 26 29 31 27 31
28 30 23 28 25 41 29 22 32 36 19 0 28 20 39 32 27 29 33 26
24 28 19 26 15 39 21 24 30 38 18 28 0 20 34 23 24 28 31 33
16 22 18 20 11 34 22 15 27 28 23 20 20 0 32 30 19 22 25 28
32 35 22 35 20 45 34 31 33 42 32 39 34 32 0 37 28 34 38 42
21 31 17 33 22 38 27 30 38 44 26 32 23 30 37 0 27 29 33 28
19 24 26 27 30 28 19 27 22 34 29 27 24 19 28 27 0 29 25 30
24 29 20 22 27 36 20 23 31 28 31 29 28 22 34 29 29 0 35 34
30 26 22 24 29 33 28 25 27 41 27 33 31 25 38 33 25 35 0 33
28 25 29 32 24 41 35 30 35 37 31 26 33 28 42 28 30 34 33 0
0	    1440
5	    1165
25	    980
140	    690
250	    950
420	    1100
440	    1040
180	    980
310	    1010
390	    1150
322	    1050
228	    990
633	    1075
441	    1050
220	    1025
540	    1045
180	    915
35	    1060
440	    1080
30	    845
